%YAML:1.0
cameraMatrix: !!opencv-matrix
   rows: 3
   cols: 3
   dt: d
   data: [ 3.1319873982208003e+02, 0., 1.5956917302467068e+02, 0.,
       3.1339593282471026e+02, 1.1473880157305284e+02, 0., 0., 1. ]
imageSize_width: 320
imageSize_height: 240
sensorSize_width: 0
sensorSize_height: 0
distCoeffs: !!opencv-matrix
   rows: 5
   cols: 1
   dt: d
   data: [ 5.8453739205866238e-02, -3.1444300615023207e-02,
       -1.8681043267801194e-04, 2.6873375091229419e-03,
       -6.2049327978810043e-01 ]
reprojectionError: 2.6726779341697693e-01
features:
   - [ 2.92885132e+02, 5.04287071e+01, 2.91415405e+02, 7.45562134e+01,
       2.90065033e+02, 9.83123856e+01, 2.88479095e+02, 1.21748398e+02,
       2.87122009e+02, 1.44654541e+02, 2.85498932e+02, 1.67417160e+02,
       2.84161224e+02, 1.89634674e+02, 2.67729492e+02, 5.05075760e+01,
       2.66573120e+02, 7.41952438e+01, 2.65217499e+02, 9.76231537e+01,
       2.64003326e+02, 1.20526932e+02, 2.62602753e+02, 1.43375824e+02,
       2.61548157e+02, 1.65607300e+02, 2.60214996e+02, 1.87811035e+02,
       2.43489761e+02, 5.04399185e+01, 2.42253265e+02, 7.39074554e+01,
       2.41237030e+02, 9.67934723e+01, 2.39942581e+02, 1.19613640e+02,
       2.39080597e+02, 1.41753845e+02, 2.37941116e+02, 1.64039536e+02,
       2.37088959e+02, 1.85598679e+02, 2.19636780e+02, 5.06092567e+01,
       2.18802689e+02, 7.35132370e+01, 2.17677917e+02, 9.63887177e+01,
       2.16919220e+02, 1.18422188e+02, 2.15925964e+02, 1.40585983e+02,
       2.15308243e+02, 1.62236816e+02, 2.14366974e+02, 1.83792191e+02,
       1.96914276e+02, 5.06122665e+01, 1.95938812e+02, 7.34584045e+01,
       1.95429596e+02, 9.54655228e+01, 1.94465988e+02, 1.17610016e+02,
       1.93880035e+02, 1.39144028e+02, 1.93077240e+02, 1.60780151e+02,
       1.92584839e+02, 1.81620438e+02, 1.74645477e+02, 5.08765831e+01,
       1.74253036e+02, 7.30188141e+01, 1.73459442e+02, 9.50968933e+01,
       1.73016571e+02, 1.16468040e+02, 1.72203140e+02, 1.38214157e+02,
       1.71738892e+02, 1.59004883e+02, 1.71208389e+02, 1.80060349e+02,
       1.53442657e+02, 5.07582817e+01, 1.52739059e+02, 7.27929153e+01,
       1.52537567e+02, 9.42984161e+01, 1.51788864e+02, 1.15741432e+02,
       1.51511047e+02, 1.36615738e+02, 1.50763153e+02, 1.57696732e+02,
       1.50648682e+02, 1.77936340e+02, 1.32488251e+02, 5.08854370e+01,
       1.32423492e+02, 7.24256821e+01, 1.31764343e+02, 9.37867889e+01,
       1.31731476e+02, 1.14598701e+02, 1.31023438e+02, 1.35663300e+02,
       1.30811432e+02, 1.56022964e+02, 1.30387787e+02, 1.76565338e+02,
       1.12523476e+02, 5.08144569e+01, 1.12159264e+02, 7.22535706e+01,
       1.12222794e+02, 9.31087112e+01, 1.11613976e+02, 1.13921684e+02,
       1.11807991e+02, 1.34214722e+02, 1.10993973e+02, 1.54786270e+02,
       1.11125549e+02, 1.74578415e+02, 9.27283096e+01, 5.07679405e+01,
       9.29256439e+01, 7.18078232e+01, 9.24585190e+01, 9.26156464e+01,
       9.27218323e+01, 1.12925880e+02, 9.22895813e+01, 1.33378098e+02,
       9.25062866e+01, 1.53046814e+02, 9.17937775e+01, 1.73272064e+02 ]
   - [ 2.73588348e+02, 5.62880783e+01, 2.71428802e+02, 7.77152405e+01,
       2.69496979e+02, 9.87228165e+01, 2.67331512e+02, 1.19758347e+02,
       2.65465637e+02, 1.40187683e+02, 2.63350800e+02, 1.60485870e+02,
       2.61541199e+02, 1.80528015e+02, 2.51374725e+02, 5.55343742e+01,
       2.49540649e+02, 7.65074234e+01, 2.47459045e+02, 9.74668655e+01,
       2.45750793e+02, 1.17797737e+02, 2.43767929e+02, 1.38236832e+02,
       2.42207977e+02, 1.58140854e+02, 2.40263565e+02, 1.78030960e+02,
       2.30014435e+02, 5.45992241e+01, 2.28024826e+02, 7.55525742e+01,
       2.26445633e+02, 9.58973389e+01, 2.24522263e+02, 1.16320404e+02,
       2.23057327e+02, 1.36073776e+02, 2.21305588e+02, 1.55972717e+02,
       2.19798874e+02, 1.75414932e+02, 2.08891556e+02, 5.39690590e+01,
       2.07475479e+02, 7.44217224e+01, 2.05664597e+02, 9.46808777e+01,
       2.04336624e+02, 1.14453529e+02, 2.02581619e+02, 1.34341202e+02,
       2.01317444e+02, 1.53626938e+02, 1.99544098e+02, 1.73186920e+02,
       1.88862503e+02, 5.32405128e+01, 1.87209015e+02, 7.35145798e+01,
       1.85974457e+02, 9.32452774e+01, 1.84391556e+02, 1.12991013e+02,
       1.83157242e+02, 1.32295212e+02, 1.81498428e+02, 1.51742828e+02,
       1.80406967e+02, 1.70559998e+02, 1.69098221e+02, 5.25788460e+01,
       1.67910446e+02, 7.23619766e+01, 1.66427322e+02, 9.20848694e+01,
       1.65348297e+02, 1.11296356e+02, 1.63687576e+02, 1.30723297e+02,
       1.62643051e+02, 1.49524857e+02, 1.61262192e+02, 1.68518250e+02,
       1.50216003e+02, 5.16866150e+01, 1.48740707e+02, 7.14769363e+01,
       1.47805252e+02, 9.06002502e+01, 1.46384445e+02, 1.09974434e+02,
       1.45354858e+02, 1.28678421e+02, 1.43852158e+02, 1.47695496e+02,
       1.43020889e+02, 1.66170242e+02, 1.31458008e+02, 5.11065674e+01,
       1.30587189e+02, 7.03489609e+01, 1.29308578e+02, 8.95458755e+01,
       1.28478485e+02, 1.08305809e+02, 1.26979828e+02, 1.27264359e+02,
       1.26064018e+02, 1.45555786e+02, 1.24684631e+02, 1.64160599e+02,
       1.13623543e+02, 5.03770752e+01, 1.12424423e+02, 6.94652710e+01,
       1.11676018e+02, 8.82528763e+01, 1.10380913e+02, 1.07046936e+02,
       1.09730049e+02, 1.25285866e+02, 1.08247169e+02, 1.43833862e+02,
       1.07621025e+02, 1.62830505e+02, 9.59209442e+01, 4.95345993e+01,
       9.52853241e+01, 6.84868927e+01, 9.39178848e+01, 8.71987839e+01,
       9.34188843e+01, 1.05460007e+02, 9.21492462e+01, 1.23863693e+02,
       9.15839081e+01, 1.41686127e+02, 9.00889816e+01, 1.60373383e+02 ]
   - [ 2.74571259e+02, 5.62574730e+01, 2.72522125e+02, 7.76172562e+01,
       2.70678619e+02, 9.85406113e+01, 2.68605957e+02, 1.19488266e+02,
       2.66821747e+02, 1.39695374e+02, 2.64818726e+02, 1.59843750e+02,
       2.63172058e+02, 1.79688187e+02, 2.52530945e+02, 5.54913406e+01,
       2.50781677e+02, 7.65168381e+01, 2.48825134e+02, 9.74499283e+01,
       2.47270599e+02, 1.17777763e+02, 2.45400208e+02, 1.38076080e+02,
       2.43834030e+02, 1.57877106e+02, 2.42019989e+02, 1.77648972e+02,
       2.31118469e+02, 5.46079521e+01, 2.29309448e+02, 7.56235275e+01,
       2.27767242e+02, 9.61372070e+01, 2.26051910e+02, 1.16453934e+02,
       2.24624680e+02, 1.36272751e+02, 2.23050629e+02, 1.56119461e+02,
       2.21667816e+02, 1.75450897e+02, 2.09925659e+02, 5.40342827e+01,
       2.08598877e+02, 7.45496445e+01, 2.06959167e+02, 9.50107574e+01,
       2.05656403e+02, 1.14812660e+02, 2.04191254e+02, 1.34722794e+02,
       2.02944458e+02, 1.54141235e+02, 2.01433075e+02, 1.73547714e+02,
       1.89597839e+02, 5.32837219e+01, 1.88091156e+02, 7.37060013e+01,
       1.86999161e+02, 9.36060791e+01, 1.85535767e+02, 1.13562225e+02,
       1.84460861e+02, 1.32947067e+02, 1.83060318e+02, 1.52518906e+02,
       1.82049789e+02, 1.71376160e+02, 1.69453995e+02, 5.26179428e+01,
       1.68459183e+02, 7.26145172e+01, 1.67181473e+02, 9.25981216e+01,
       1.66203506e+02, 1.12066330e+02, 1.64732513e+02, 1.31652542e+02,
       1.63838333e+02, 1.50557419e+02, 1.62593948e+02, 1.69618179e+02,
       1.50104538e+02, 5.17215042e+01, 1.48885941e+02, 7.17896957e+01,
       1.48106247e+02, 9.13673477e+01, 1.46791626e+02, 1.10873398e+02,
       1.45964249e+02, 1.29859665e+02, 1.44674057e+02, 1.49036179e+02,
       1.44031616e+02, 1.67527206e+02, 1.30752457e+02, 5.11811867e+01,
       1.30178513e+02, 7.07269669e+01, 1.29050049e+02, 9.03526688e+01,
       1.28415787e+02, 1.09377747e+02, 1.27155319e+02, 1.28554443e+02,
       1.26428711e+02, 1.47191803e+02, 1.25345467e+02, 1.65898392e+02,
       1.12354370e+02, 5.03858719e+01, 1.11386543e+02, 6.99129486e+01,
       1.10766747e+02, 8.91115952e+01, 1.09667923e+02, 1.08253052e+02,
       1.09333008e+02, 1.26758102e+02, 1.08000183e+02, 1.45677353e+02,
       1.07610504e+02, 1.64575729e+02, 9.38751602e+01, 4.95979156e+01,
       9.34375992e+01, 6.89795685e+01, 9.23898239e+01, 8.81229401e+01,
       9.20170898e+01, 1.06784691e+02, 9.10126953e+01, 1.25587524e+02,
